0 139
0
4
5
6
7
8
9
10
11
12
13
14
72
73
74
75
76
77
78
79
80
82
88
90
94
98
103
108
110
114
119
123
126
130
136
138
143
148
151
154
159
164
168
171
178
182
184
193
195
197
206
208
212
216
223
225
228
232
237
240
246
248
251
257
259
264
269
272
277
281
285
291
294
297
302
307
311
312
316
320
327
329
335
337
338
342
344
349
353
355
359
363
369
373
378
382
388
396
397
398
404
407
413
415
421
424
426
431
434
437
444
447
450
455
458
459
467
471
473
474
479
483
485
493
497
500
504
506
512
522
525
528
531
536
539
544
549
555
560
1 0 23
70
71
87
125
135
149
175
201
205
211
271
275
326
333
352
381
420
470
482
492
498
511
556
1 1 24
72
73
80
94
103
123
171
182
223
225
277
297
307
312
316
338
424
426
431
497
504
525
531
539
2 0 24
15
16
96
104
124
146
172
176
181
224
226
276
278
298
308
339
425
427
430
464
478
503
526
532
2 1 25
13
14
80
88
126
136
151
206
212
272
311
312
327
335
353
382
421
437
471
474
483
493
497
512
522
3 0 4
145
202
340
496
3 1 3
80
312
497
